200.100000 0.098000
200.299051 0.293804
200.595961 0.587215
200.989296 0.978035
201.477386 1.466061
202.058323 2.051085
202.729971 2.732885
203.489967 3.511230
204.335722 4.385866
205.264431 5.356517
206.273074 6.422880
207.358423 7.584613
208.517048 8.841339
209.745321 10.192629
211.039424 11.638003
212.395357 13.176924
213.808941 14.808784
215.275832 16.532907
216.791524 18.348536
218.351363 20.254830
219.950549 22.250857
221.584155 24.335589
223.247127 26.507898
224.934305 28.766548
226.640425 31.110191
228.360137 33.537367
230.088012 36.046497
231.818558 38.635881
233.546229 41.303695
235.265441 44.047989
236.970582 46.866690
238.656027 49.757594
240.316150 52.718374
241.945338 55.746574
243.538006 58.839615
245.088604 61.994794
246.591641 65.209288
248.041686 68.480157
249.433393 71.804348
250.761503 75.178697
252.020865 78.599937
253.206446 82.064703
254.313341 85.569534
255.336785 89.110883
256.272170 92.685125
257.115049 96.288558
257.861150 99.917418
258.506386 103.567881
259.046864 107.236075
259.478895 110.918086
259.799002 114.609967
260.003926 118.307749
260.090636 122.007448
260.056337 125.705074
259.898470 129.396641
259.614724 133.078180
259.203035 136.745740
258.661596 140.395405
257.988853 144.023301
257.183514 147.625604
256.244548 151.198551
255.171185 154.738448
253.962918 158.241679
252.619502 161.704716
251.140954 165.124125
249.527548 168.496577
247.779816 171.818853
245.898543 175.087856
243.884764 178.300612
241.739757 181.454283
239.465041 184.546169
237.062368 187.573716
234.533715 190.534524
231.881282 193.426345
229.107478 196.247097
226.214917 198.994861
223.206408 201.667886
220.084945 204.264595
216.853698 206.783586
213.516003 209.223631
210.075350 211.583683
206.535374 213.862871
202.899843 216.060505
199.172646 218.176072
195.357782 220.209237
191.459347 222.159840
187.481526 224.027897
183.428573 225.813591
179.304809 227.517275
175.114601 229.139463
170.862354 230.680828
166.552501 232.142198
162.189486 233.524546
157.777759 234.828986
153.321758 236.056768
148.825904 237.209268
144.294586 238.287981
139.732154 239.294512
135.142909 240.230571
130.531090 241.097959
125.900872 241.898561
121.256354 242.634340
116.601550 243.307319
111.940387 243.919580
107.276697 244.473248
102.614209 244.970484
97.956551 245.413474
93.307237 245.804419
88.669675 246.145525
84.047154 246.438994
79.442850 246.687013
74.859823 246.891749
70.301016 247.055334
65.769255 247.179863
61.267253 247.267381
56.797609 247.319879
52.362814 247.339288
47.965249 247.327467
43.607192 247.286206
39.290821 247.217215
35.018218 247.122121
30.791373 247.002467
26.612191 246.859705
22.482491 246.695199
18.404018 246.510220
14.378443 246.305948
10.407371 246.083471
6.492344 245.843782
2.634845 245.587790
-1.163696 245.316311
-4.901898 245.030079
-8.578425 244.729744
-12.191984 244.415879
-15.741318 244.088980
-19.225207 243.749477
-22.642465 243.397731
-25.991933 243.034044
-29.272484 242.658664
-32.483018 242.271790
-35.622459 241.873576
-38.689759 241.464138
-41.683896 241.043561
-44.603870 240.611904
-47.448712 240.169204
-50.217476 239.715486
-52.909244 239.250764
-55.523130 238.775048
-58.058274 238.288354
-60.513852 237.790700
-62.889072 237.282121
-65.183180 236.762666
-67.395457 236.232408
-69.525228 235.691445
-71.571859 235.139905
-73.534760 234.577951
-75.413390 234.005784
-77.207256 233.423643
-78.915920 232.831815
-80.538992 232.230630
-82.076144 231.620468
-83.527100 231.001761
-84.891649 230.374993
-86.169635 229.740701
-87.360970 229.099479
-88.465625 228.451977
-89.483638 227.798902
-90.415112 227.141018
-91.260215 226.479146
-92.019181 225.814164
-92.692310 225.147009
-93.279969 224.478670
-93.782589 223.810194
-94.200666 223.142681
-94.534759 222.477281
-94.785491 221.815199
-94.953544 221.157683
-95.039659 220.506032
-95.044636 219.861586
-94.969327 219.225726
-94.814638 218.599873
-94.581525 217.985483
-94.270987 217.384042
-93.884072 216.797067
-93.421863 216.226099
-92.885481 215.672699
-92.276083 215.138445
-91.594850 214.624929
-90.842993 214.133750
-90.021741 213.666512
-89.132342 213.224815
-88.176056 212.810256
-87.154154 212.424419
-86.067910 212.068873
-84.918599 211.745165
-83.707494 211.454812
-82.435860 211.199301
-81.104951 210.980079
-79.716008 210.798549
-78.270253 210.656062
-76.768886 210.553913
-75.213086 210.493334
-73.604001 210.475488
-71.942752 210.501462
-70.230431 210.572261
-68.468092 210.688802
-66.656760 210.851909
-64.797422 211.062305
-62.891029 211.320606
-60.938498 211.627316
-58.940712 211.982821
-56.898517 212.387384
-54.812727 212.841138
-52.684128 213.344084
-50.513475 213.896081
-48.301496 214.496849
-46.048900 215.145959
-43.756375 215.842832
-41.424595 216.586736
-39.054223 217.376783
-36.645917 218.211929
-34.200336 219.090971
-31.718140 220.012544
-29.200002 220.975126
-26.646610 221.977036
-24.058674 223.016435
-21.436930 224.091331
-18.782147 225.199576
-16.095133 226.338876
-13.376739 227.506790
-10.627866 228.700740
-7.849467 229.918011
-5.042556 231.155761
-2.208208 232.411028
0.652433 233.680734
3.538155 234.961696
6.447670 236.250636
9.379615 237.544185
12.332550 238.838897
15.304953 240.131258
18.295223 241.417693
21.301676 242.694581
24.322549 243.958264
27.355998 245.205058
30.400098 246.431262
33.452850 247.633174
36.512177 248.807099
39.575931 249.949360
42.641896 251.056310
45.707787 252.124346
48.771263 253.149916
51.829924 254.129531
54.881319 255.059778
57.922951 255.937327
60.952284 256.758945
63.966746 257.521502
66.963740 258.221985
69.940646 258.857502
72.894829 259.425295
75.823650 259.922749
78.724465 260.347395
81.594640 260.696920
84.431554 260.969179
87.232609 261.162192
89.995233 261.274157
92.716892 261.303456
95.395094 261.248653
98.027400 261.108505
100.611426 260.881966
103.144853 260.568184
105.625434 260.166511
108.051001 259.676500
110.419468 259.097909
112.728841 258.430702
114.977222 257.675049
117.162817 256.831326
119.283936 255.900114
121.339007 254.882197
123.326571 253.778565
125.245292 252.590403
127.093962 251.319098
128.871502 249.966228
130.576964 248.533562
132.209540 247.023056
133.768558 245.436845
135.253487 243.777242
136.663941 242.046730
137.999675 240.247955
139.260593 238.383722
140.446740 236.456987
141.558309 234.470851
142.595640 232.428549
143.559213 230.333447
144.449655 228.189030
145.267734 225.998899
146.014356 223.766754
146.690564 221.496394
147.297538 219.191702
147.836586 216.856641
148.309143 214.495240
148.716769 212.111588
149.061141 209.709824
149.344051 207.294127
149.567396 204.868707
149.733180 202.437798
149.843502 200.005644
149.900550 197.576494
149.906599 195.154593
149.863999 192.744169
149.775171 190.349430
149.642599 187.974550
149.468822 185.623665
149.256426 183.300863
149.008036 181.010175
148.726311 178.755569
148.413930 176.540945
148.073588 174.370123
147.707984 172.246838
147.319819 170.174738
146.911779 168.157371
146.486533 166.198183
146.046719 164.300516
145.594941 162.467595
145.133757 160.702531
144.665672 159.008311
144.193129 157.387799
143.718500 155.843727
143.244083 154.378697
142.772088 152.995175
142.304635 151.695487
141.843741 150.481820
141.391322 149.356218
140.949177 148.320579
140.518989 147.376655
140.102317 146.526050
139.700591 145.770217
139.315105 145.110460
138.947018 144.547928
138.597344 144.083619
138.266955 143.718378
137.956573 143.452892
137.666770 143.287694
137.397968 143.223163
137.150435 143.259517
136.924285 143.396820
136.719482 143.634977
136.535835 143.973735
136.373002 144.412681
136.230491 144.951246
136.107664 145.588698
136.003739 146.324150
135.917792 147.156554
135.848762 148.084702
135.795456 149.107230
135.756554 150.222614
135.730612 151.429175
135.716070 152.725075
135.711259 154.108323
135.714405 155.576775
135.723637 157.128134
135.736994 158.759955
135.752434 160.469647
135.767840 162.254473
135.781028 164.111556
135.789755 166.037885
135.791728 168.030313
135.784614 170.085566
135.766043 172.200247
135.733623 174.370841
135.684943 176.593720
135.617586 178.865150
135.529132 181.181299
135.417174 183.538240
135.279316 185.931963
135.113191 188.358379
134.916463 190.813329
134.686834 193.292592
134.422057 195.791897
134.119938 198.306927
133.778343 200.833328
133.395210 203.366724
132.968547 205.902721
132.496446 208.436919
131.977085 210.964920
131.408732 213.482339
130.789755 215.984816
130.118620 218.468021
129.393901 220.927669
128.614281 223.359526
127.778557 225.759420
126.885641 228.123253
125.934566 230.447005
124.924486 232.726752
123.854678 234.958665
122.724545 237.139028
121.533616 239.264240
120.281548 241.330829
118.968125 243.335456
117.593257 245.274923
116.156983 247.146186
114.659469 248.946354
113.101004 250.672700
111.482004 252.322670
109.803002 253.893883
108.064656 255.384140
106.267737 256.791429
104.413132 258.113927
102.501839 259.350007
100.534961 260.498239
98.513708 261.557396
96.439386 262.526453
94.313399 263.404589
92.137238 264.191193
89.912482 264.885858
87.640789 265.488386
85.323893 265.998787
82.963596 266.417276
80.561765 266.744274
78.120324 266.980403
75.641250 267.126487
73.126564 267.183548
70.578330 267.152798
67.998643 267.035643
65.389626 266.833671
62.753424 266.548649
60.092196 266.182519
57.408110 265.737391
54.703337 265.215535
51.980044 264.619376
49.240387 263.951485
46.486509 263.214572
43.720530 262.411476
40.944545 261.545159
38.160616 260.618695
35.370767 259.635262
32.576981 258.598131
29.781195 257.510659
26.985294 256.376274
24.191108 255.198470
21.400410 253.980795
18.614910 252.726837
15.836252 251.440219
13.066014 250.124585
10.305706 248.783591
7.556764 247.420890
4.820552 246.040130
2.098363 244.644935
-0.608586 243.238900
-3.299152 241.825578
-5.972264 240.408473
-8.626924 238.991026
-11.262203 237.576611
-13.877245 236.168522
-16.471258 234.769967
-19.043516 233.384059
-21.593352 232.013806
-24.120161 230.662107
-26.623387 229.331745
-29.102530 228.025379
-31.557132 226.745539
-33.986779 225.494621
-36.391093 224.274885
-38.769728 223.088446
-41.122364 221.937275
-43.448707 220.823195
-45.748476 219.747879
-48.021404 218.712849
-50.267231 217.719473
-52.485699 216.768970
-54.676546 215.862403
-56.839505 215.000686
-58.974296 214.184584
-61.080625 213.414713
-63.158177 212.691545
-65.206615 212.015407
-67.225574 211.386492
-69.214663 210.804853
-71.173457 210.270414
-73.101499 209.782973
-74.998297 209.342204
-76.863321 208.947666
-78.696006 208.598805
-80.495748 208.294960
-82.261903 208.035372
-83.993795 207.819182
-85.690705 207.645446
-87.351883 207.513135
-88.976542 207.421140
-90.563863 207.368283
-92.112997 207.353320
-93.623065 207.374945
-95.093165 207.431800
-96.522369 207.522477
-97.909732 207.645526
-99.254289 207.799462
-100.555065 207.982767
-101.811072 208.193897
-103.021317 208.431289
-104.184806 208.693365
-105.300544 208.978535
-106.367543 209.285206
-107.384820 209.611786
-108.351410 209.956685
-109.266361 210.318324
-110.128741 210.695139
-110.937643 211.085581
-111.692188 211.488125
-112.391527 211.901273
-113.034845 212.323556
-113.621367 212.753538
-114.150355 213.189821
-114.621119 213.631047
-115.033011 214.075902
-115.385435 214.523117
-115.677847 214.971475
-115.909755 215.419808
-116.080724 215.867004
-116.190377 216.312005
-116.238393 216.753814
-116.224516 217.191493
-116.148550 217.624166
-116.010361 218.051021
-115.809879 218.471309
-115.547099 218.884347
-115.222078 219.289521
-114.834939 219.686280
-114.385869 220.074143
-113.875117 220.452698
-113.302996 220.821597
-112.669882 221.180563
-111.976210 221.529386
-111.222477 221.867920
-110.409238 222.196088
-109.537102 222.513878
-108.606737 222.821339
-107.618861 223.118584
-106.574244 223.405789
-105.473705 223.683185
-104.318109 223.951063
-103.108363 224.209769
-101.845417 224.459700
-100.530260 224.701303
-99.163913 224.935075
-97.747432 225.161555
-96.281903 225.381323
-94.768439 225.595000
-93.208173 225.803240
-91.602264 226.006728
-89.951886 226.206177
-88.258227 226.402326
-86.522488 226.595930
-84.745880 226.787764
-82.929619 226.978612
-81.074925 227.169268
-79.183018 227.360528
-77.255119 227.553187
-75.292444 227.748036
-73.296203 227.945855
-71.267599 228.147411
-69.207824 228.353453
-67.118059 228.564705
-64.999475 228.781867
-62.853227 229.005604
-60.680454 229.236549
-58.482281 229.475294
-56.259818 229.722385
-54.014156 229.978325
-51.746372 230.243562
-49.457523 230.518491
-47.148653 230.803448
-44.820790 231.098710
-42.474945 231.404488
-40.112117 231.720928
-37.733292 232.048105
-35.339444 232.386025
-32.931537 232.734622
-30.510527 233.093753
-28.077362 233.463202
-25.632986 233.842677
-23.178342 234.231810
-20.714367 234.630154
-18.242004 235.037190
-15.762196 235.452319
-13.275892 235.874870
-10.784048 236.304099
-8.287629 236.739190
-5.787610 237.179256
-3.284979 237.623345
-0.780739 238.070440
1.724090 238.519461
4.228474 238.969274
6.731358 239.418685
9.231668 239.866452
11.728309 240.311289
14.220165 240.751863
16.706099 241.186806
19.184951 241.614718
21.655539 242.034168
24.116660 242.443704
26.567088 242.841856
29.005577 243.227142
31.430860 243.598071
33.841653 243.953153
36.236653 244.290899
38.614540 244.609831
40.973980 244.908484
43.313627 245.185415
45.632124 245.439204
47.928105 245.668465
50.200199 245.871843
52.447030 246.048028
54.667223 246.195755
56.859404 246.313809
59.022203 246.401029
61.154261 246.456318
63.254227 246.478638
65.320764 246.467024
67.352554 246.420579
69.348299 246.338485
71.306723 246.220000
73.226579 246.064468
75.106647 245.871315
76.945744 245.640057
78.742720 245.370301
80.496466 245.061743
82.205914 244.714178
83.870041 244.327495
85.487873 243.901679
87.058486 243.436816
88.581008 242.933090
90.054623 242.390785
91.478574 241.810285
92.852161 241.192075
94.174747 240.536738
95.445759 239.844958
96.664688 239.117515
97.831092 238.355288
98.944596 237.559251
100.004893 236.730473
101.011746 235.870116
101.964988 234.979429
102.864523 234.059753
103.710322 233.112512
104.502431 232.139213
105.240962 231.141445
105.926099 230.120871
106.558093 229.079228
107.137265 228.018324
107.664001 226.940031
108.138754 225.846286
108.562038 224.739083
108.934432 223.620469
109.256573 222.492543
109.529157 221.357449
109.752936 220.217372
109.928715 219.074534
110.057347 217.931190
110.139734 216.789620
110.176825 215.652128
110.169606 214.521036
110.119102 213.398679
110.026376 212.287399
109.892518 211.189541
109.718646 210.107451
109.505903 209.043464
109.255451 207.999906
108.968468 206.979085
108.646145 205.983290
108.289678 205.014780
107.900271 204.075784
107.479125 203.168496
107.027439 202.295068
106.546403 201.457606
106.037196 200.658167
105.500981 199.898751
104.938902 199.181301
104.352081 198.507694
103.741612 197.879739
103.108560 197.299174
102.453956 196.767658
101.778795 196.286769
101.084035 195.858002
100.370590 195.482762
99.639329 195.162360
98.891075 194.898013
98.126604 194.690835
97.346639 194.541840
96.551852 194.451931
95.742862 194.421906
94.920232 194.452446
94.084471 194.544118
93.236032 194.697372
92.375312 194.912535
91.502653 195.189811
90.618341 195.529282
89.722608 195.930899
88.815631 196.394487
87.897538 196.919742
86.968402 197.506227
86.028251 198.153375
85.077063 198.860486
84.114773 199.626729
83.141274 200.451140
82.156421 201.332623
81.160029 202.269951
80.151884 203.261768
79.131740 204.306590
78.099324 205.402805
77.054341 206.548677
75.996477 207.742349
74.925401 208.981844
73.840772 210.265070
72.742240 211.589822
71.629449 212.953788
70.502044 214.354551
69.359674 215.789595
68.201993 217.256310
67.028666 218.751997
65.839373 220.273874
64.633809 221.819080
63.411691 223.384685
62.172760 224.967693
60.916782 226.565051
59.643554 228.173652
58.352905 229.790348
57.044697 231.411954
55.718829 233.035254
54.375241 234.657013
53.013911 236.273979
51.634859 237.882896
50.238151 239.480510
48.823896 241.063576
47.392247 242.628867
45.943408 244.173181
44.477625 245.693351
42.995194 247.186250
41.496457 248.648802
39.981805 250.077986
38.451673 251.470846
36.906545 252.824499
35.346949 254.136140
33.773457 255.403050
32.186686 256.622603
30.587294 257.792274
28.975980 258.909642
27.353483 259.972399
25.720578 260.978354
24.078076 261.925441
22.426822 262.811721
20.767692 263.635388
19.101589 264.394776
17.429446 265.088358
15.752218 265.714754
14.070881 266.272735
12.386432 266.761221
10.699882 267.179289
9.012256 267.526173
7.324592 267.801263
5.637933 268.004113
3.953328 268.134437
2.271828 268.192110
0.594484 268.177169
-1.077657 268.089814
-2.743555 267.930405
-4.402178 267.699462
-6.052506 267.397665
-7.693536 267.025850
-9.324278 266.585006
-10.943766 266.076276
-12.551054 265.500950
-14.145222 264.860465
-15.725375 264.156398
-17.290649 263.390464
-18.840212 262.564512
-20.373265 261.680519
-21.889043 260.740584
-23.386819 259.746925
-24.865904 258.701871
-26.325650 257.607859
-27.765450 256.467424
-29.184738 255.283198
-30.582993 254.057896
-31.959738 252.794316
-33.314539 251.495329
-34.647010 250.163872
-35.956808 248.802940
-37.243637 247.415582
-38.507246 246.004889
-39.747428 244.573990
-40.964023 243.126044
-42.156913 241.664228
-43.326024 240.191737
-44.471324 238.711771
-45.592822 237.227528
-46.690566 235.742199
-47.764642 234.258957
-48.815174 232.780955
-49.842319 231.311311
-50.846265 229.853111
-51.827233 228.409392
-52.785470 226.983141
-53.721250 225.577291
-54.634868 224.194705
-55.526641 222.838182
-56.396902 221.510441
-57.246001 220.214121
-58.074297 218.951776
-58.882160 217.725864
-59.669964 216.538751
-60.438089 215.392698
-61.186912 214.289863
-61.916807 213.232294
-62.628145 212.221926
-63.321284 211.260578
-63.996573 210.349950
-64.654346 209.491620
-65.294918 208.687042
-65.918585 207.937543
-66.525621 207.244322
-67.116275 206.608451
-67.690769 206.030869
-68.249296 205.512385
-68.792018 205.053674
-69.319065 204.655281
-69.830531 204.317619
-70.326477 204.040969
-70.806927 203.825479
-71.271867 203.671168
-71.721246 203.577927
-72.154973 203.545516
-72.572920 203.573573
-72.974920 203.661607
-73.360767 203.809007
-73.730218 204.015041
-74.082992 204.278859
-74.418773 204.599497
-74.737208 204.975878
-75.037910 205.406815
-75.320461 205.891017
-75.584411 206.427088
-75.829280 207.013535
-76.054563 207.648769
-76.259729 208.331109
-76.444222 209.058789
-76.607468 209.829957
-76.748876 210.642685
-76.867835 211.494968
-76.963727 212.384735
-77.035918 213.309846
-77.083771 214.268104
-77.106642 215.257256
-77.103887 216.274999
-77.074862 217.318984
-77.018927 218.386824
-76.935448 219.476096
-76.823802 220.584348
-76.683378 221.709106
-76.513578 222.847876
-76.313826 223.998151
-76.083562 225.157417
-75.822250 226.323157
-75.529381 227.492860
-75.204472 228.664021
-74.847070 229.834151
-74.456754 231.000780
-74.033137 232.161465
-73.575867 233.313791
-73.084631 234.455378
-72.559155 235.583890
-71.999204 236.697033
-71.404586 237.792567
-70.775153 238.868304
-70.110799 239.922119
-69.411466 240.951948
-68.677138 241.955800
-67.907849 242.931753
-67.103677 243.877966
-66.264749 244.792675
-65.391236 245.674202
-64.483360 246.520959
-63.541388 247.331444
-62.565631 248.104254
-61.556451 248.838080
-60.514251 249.531713
-59.439480 250.184044
-58.332631 250.794070
-57.194239 251.360891
-56.024880 251.883714
-54.825171 252.361855
-53.595767 252.794738
-52.337361 253.181896
-51.050679 253.522973
-49.736483 253.817721
-48.395566 254.066004
-47.028751 254.267794
-45.636890 254.423172
-44.220860 254.532327
-42.781561 254.595553
-41.319916 254.613251
-39.836867 254.585923
-38.333373 254.514174
-36.810409 254.398707
-35.268962 254.240320
-33.710029 254.039907
-32.134616 253.798450
-30.543734 253.517020
-28.938399 253.196770
-27.319626 252.838934
-25.688433 252.444824
-24.045832 252.015821
-22.392830 251.553376
-20.730429 251.059003
-19.059622 250.534275
-17.381389 249.980820
-15.696700 249.400316
-14.006510 248.794485
-12.311757 248.165089
-10.613364 247.513925
-8.912234 246.842819
-7.209252 246.153623
-5.505279 245.448207
-3.801158 244.728455
-2.097708 243.996261
-0.395723 243.253523
1.304024 242.502136
3.000785 241.743989
4.693837 240.980960
6.382482 240.214909
8.066043 239.447677
9.743872 238.681077
11.415341 237.916891
13.079847 237.156867
14.736811 236.402712
16.385674 235.656090
18.025900 234.918617
19.656971 234.191856
21.278391 233.477317
22.889680 232.776451
24.490376 232.090645
26.080033 231.421223
27.658218 230.769442
29.224510 230.136489
30.778502 229.523476
32.319793 228.931445
33.847994 228.361360
35.362720 227.814109
36.863591 227.290499
38.350232 226.791261
39.822268 226.317045
41.279326 225.868419
42.721032 225.445873
44.147007 225.049815
45.556873 224.680574
46.950243 224.338397
48.326725 224.023457
49.685921 223.735844
51.027424 223.475576
52.350818 223.242593
53.655678 223.036765
54.941568 222.857887
56.208043 222.705687
57.454643 222.579825
58.680902 222.479896
59.886339 222.405433
61.070463 222.355909
62.232771 222.330740
63.372750 222.329287
64.489877 222.350861
65.583618 222.394726
66.653431 222.460096
67.698764 222.546150
68.719058 222.652022
69.713750 222.776815
70.682267 222.919597
71.624036 223.079410
72.538478 223.255269
73.425015 223.446167
74.283065 223.651079
75.112051 223.868966
75.911396 224.098774
76.680530 224.339443
77.418885 224.589908
78.125904 224.849101
78.801038 225.115954
79.443746 225.389407
80.053504 225.668403
80.629798 225.951899
81.172132 226.238863
81.680025 226.528282
82.153016 226.819158
82.590663 227.110519
82.992548 227.401414
83.358273 227.690920
83.687466 227.978144
83.979781 228.262222
84.234897 228.542327
84.452522 228.817663
84.632394 229.087475
84.774280 229.351047
84.877977 229.607702
84.943315 229.856806
